8670192373
8176708048
7825610663
7419330385
2831426306
10067703506
2525828815
8825113906
8953287351
8953272007
5557221101
7492860318
35626336
1052274869
1790927298
2225435266
364849106
792304379
39619388
15098126
29531735
4407810154
5446822845
4750639923
4137394258
1678787819
530888140
1750480318
61152218
1101826
1434829778
1068573686
3137690711
5139680739
5843626
3930160056
3322429
23108718
3218293651
10030112364
82994886
9614258498 
950999816
116161949
9008602574
9439167783
8203039001
3665652525
419010216
137738
3871388597
3894887825
29245847
4750243226
9140272262
4520382878
4590366990
8878529714
4702052459
7869917221
5278951968
2390591390
4709654828
1936218337
5134774993
3825561080
174105354
9506584862
7714382084
9504457629
5053729332
8308623229
3519182350
7837241936
9074513494
9074519888
9074517401
8013613675
109303848
3786533154
1527425585
3245560768
604646502
32457754
555269021
6899392
4470601353
108086494
4979416863
150301446
139481526
2341355
6101870007
3596805
4735580260
84648302
8172246857
8183787727